7.448048591613769531e-01
7.029104828834533691e-01
6.854668259620666504e-01
6.764029860496520996e-01
6.928906440734863281e-01
6.870386600494384766e-01
6.605873703956604004e-01
6.762492656707763672e-01
6.830093860626220703e-01
6.614485383033752441e-01
6.579128503799438477e-01
6.315008997917175293e-01
6.496336460113525391e-01
6.447202563285827637e-01
6.116523742675781250e-01
6.094354391098022461e-01
6.508677005767822266e-01
6.192424893379211426e-01
6.219031214714050293e-01
6.107322573661804199e-01
6.033834815025329590e-01
5.942518711090087891e-01
5.867121815681457520e-01
5.620270967483520508e-01
5.431770682334899902e-01
