6.325141191482543945e-01
6.275768876075744629e-01
3.753891289234161377e-01
3.886764347553253174e-01
3.565993010997772217e-01
3.306683003902435303e-01
1.848015785217285156e-01
3.853954374790191650e-01
3.424868583679199219e-01
2.755831182003021240e-01
1.786932796239852905e-01
2.762579023838043213e-01
2.922760248184204102e-01
2.460131943225860596e-01
2.670121192932128906e-01
2.141956388950347900e-01
2.574875950813293457e-01
2.796706557273864746e-01
3.207019269466400146e-01
2.194990217685699463e-01
2.268510013818740845e-01
2.312636226415634155e-01
4.044791162014007568e-01
3.181693255901336670e-01
2.903011739253997803e-01
